0 (1, 1, 1) 309350 30.93 30.93
1 (12, 3, 3) 113530 11.35 42.29
2 (5, 1, 1) 100468 10.05 52.33
3 None 74578 7.46 59.79
4 (11, 1, 1) 46554 4.66 64.45
5 (1, 2, 1) 30580 3.06 67.51
6 (12, 1, 1) 27052 2.71 70.21
7 (2, 2, 1) 19655 1.97 72.18
8 (2, 1, 1) 18145 1.81 73.99
9 (12, 3, 1) 13530 1.35 75.34
10 (12, 3, 12) 13361 1.34 76.68
11 (7, 1, 4) 11167 1.12 77.80
12 (2, 5, 1) 8551 0.86 78.65
13 (18, 5, 1) 8160 0.82 79.47
14 (12, 3, 8) 8017 0.80 80.27
15 (2, 1, 2) 7908 0.79 81.06
16 (3, 1, 1) 7773 0.78 81.84
17 (14, 1, 1) 6941 0.69 82.53
18 (50, 1, 1) 6840 0.68 83.22
19 (12, 3, 7) 6447 0.64 83.86
20 (6, 1, 1) 5697 0.57 84.43
21 (3, 1, 3) 5581 0.56 84.99
22 (2, 2, 3) 5124 0.51 85.50
23 (7, 1, 1) 4995 0.50 86.00
24 (18, 7, 4) 4720 0.47 86.47
25 (18, 11, 1) 4650 0.47 86.94
26 (2, 9, 2) 4492 0.45 87.39
27 (6, 3, 1) 4323 0.43 87.82
28 (18, 12, 1) 3900 0.39 88.21
29 (12, 2, 1) 3466 0.35 88.56
30 (5, 1, 2) 3305 0.33 88.89
31 (1, 3, 1) 3141 0.31 89.20
32 (18, 3, 1) 2503 0.25 89.45
33 (2, 6, 1) 2334 0.23 89.68
34 (50, 1, 6) 2314 0.23 89.92
35 (18, 7, 1) 2314 0.23 90.15
36 (2, 3, 1) 2266 0.23 90.37
37 (14, 1, 2) 2216 0.22 90.59
38 (1, 1, 2) 2172 0.22 90.81
39 (13, 1, 31) 2131 0.21 91.03
40 (13, 1, 34) 1931 0.19 91.22
41 (16, 1, 1) 1924 0.19 91.41
42 (2, 6, 2) 1867 0.19 91.60
43 (18, 4, 5) 1807 0.18 91.78
44 (2, 9, 4) 1710 0.17 91.95
45 (15, 99, 99) 1695 0.17 92.12
46 (2, 7, 1) 1661 0.17 92.28
47 (16, 1, 2) 1566 0.16 92.44
48 (18, 7, 3) 1548 0.15 92.60
49 (8, 4, 1) 1451 0.15 92.74
50 (3, 2, 1) 1400 0.14 92.88
51 (18, 99, 99) 1398 0.14 93.02
52 (18, 12, 3) 1389 0.14 93.16
53 (18, 13, 1) 1379 0.14 93.30
54 (13, 1, 32) 1362 0.14 93.43
55 (18, 14, 1) 1326 0.13 93.57
56 (3, 1, 9) 1311 0.13 93.70
57 (18, 2, 9) 1232 0.12 93.82
58 (5, 4, 1) 1222 0.12 93.94
59 (2, 9, 1) 1195 0.12 94.06
60 (3, 1, 10) 1178 0.12 94.18
61 (4, 1, 3) 1176 0.12 94.30
62 (2, 4, 2) 1149 0.11 94.41
63 (12, 3, 6) 1133 0.11 94.53
64 (12, 4, 99) 1127 0.11 94.64
65 (18, 12, 5) 1126 0.11 94.75
66 (2, 4, 1) 1116 0.11 94.86
67 (12, 4, 3) 1062 0.11 94.97
68 (12, 3, 5) 976 0.10 95.07
69 (18, 7, 2) 926 0.09 95.16
70 (3, 1, 6) 912 0.09 95.25
71 (2, 1, 3) 906 0.09 95.34
72 (12, 3, 9) 896 0.09 95.43
73 (4, 5, 2) 867 0.09 95.52
74 (18, 15, 1) 864 0.09 95.60
75 (15, 2, 4) 847 0.08 95.69
76 (2, 1, 4) 838 0.08 95.77
77 (8, 5, 1) 820 0.08 95.85
78 (5, 3, 99) 803 0.08 95.93
79 (3, 1, 12) 766 0.08 96.01
80 (18, 1, 1) 764 0.08 96.09
81 (13, 1, 14) 759 0.08 96.16
82 (13, 1, 12) 724 0.07 96.24
83 (7, 1, 3) 719 0.07 96.31
84 (18, 12, 2) 708 0.07 96.38
85 (18, 12, 4) 705 0.07 96.45
86 (2, 8, 1) 703 0.07 96.52
87 (2, 9, 3) 696 0.07 96.59
88 (3, 1, 2) 683 0.07 96.66
89 (16, 1, 99) 666 0.07 96.72
90 (15, 5, 1) 632 0.06 96.79
91 (14, 1, 5) 629 0.06 96.85
92 (12, 4, 1) 615 0.06 96.91
93 (18, 4, 1) 595 0.06 96.97
94 (15, 1, 1) 564 0.06 97.03
95 (18, 8, 4) 546 0.05 97.08
96 (18, 6, 1) 542 0.05 97.14
97 (4, 5, 1) 529 0.05 97.19
98 (4, 1, 9) 509 0.05 97.24
99 (13, 1, 24) 499 0.05 97.29
100 (13, 1, 99) 494 0.05 97.34
101 (15, 2, 1) 493 0.05 97.39
102 (2, 3, 3) 474 0.05 97.44
103 (15, 1, 2) 470 0.05 97.48
104 (13, 1, 3) 450 0.04 97.53
105 (12, 2, 2) 444 0.04 97.57
106 (50, 1, 3) 439 0.04 97.62
107 (18, 3, 5) 437 0.04 97.66
108 (6, 1, 2) 426 0.04 97.70
109 (13, 1, 18) 408 0.04 97.74
110 (13, 1, 4) 407 0.04 97.78
111 (5, 3, 3) 403 0.04 97.82
112 (13, 1, 28) 390 0.04 97.86
113 (13, 2, 13) 376 0.04 97.90
114 (13, 1, 33) 375 0.04 97.94
115 (50, 1, 4) 375 0.04 97.98
116 (12, 4, 4) 351 0.04 98.01
117 (4, 1, 1) 348 0.03 98.05
118 (3, 4, 1) 347 0.03 98.08
119 (15, 4, 1) 339 0.03 98.11
120 (13, 2, 2) 287 0.03 98.14
121 (15, 3, 2) 280 0.03 98.17
122 (18, 13, 2) 273 0.03 98.20
123 (2, 3, 2) 270 0.03 98.23
124 (4, 4, 1) 266 0.03 98.25
125 (15, 1, 6) 266 0.03 98.28
126 (3, 1, 11) 261 0.03 98.30
127 (4, 5, 99) 255 0.03 98.33
128 (4, 5, 6) 253 0.03 98.36
129 (12, 4, 2) 252 0.03 98.38
130 (7, 1, 2) 244 0.02 98.41
131 (1, 4, 1) 241 0.02 98.43
132 (4, 5, 7) 241 0.02 98.45
133 (4, 5, 4) 229 0.02 98.48
134 (15, 1, 99) 223 0.02 98.50
135 (3, 1, 8) 215 0.02 98.52
136 (18, 8, 2) 215 0.02 98.54
137 (12, 3, 11) 214 0.02 98.56
138 (13, 1, 25) 212 0.02 98.58
139 (12, 3, 2) 211 0.02 98.61
140 (8, 4, 3) 208 0.02 98.63
141 (4, 1, 10) 207 0.02 98.65
142 (13, 2, 3) 200 0.02 98.67
143 (15, 2, 3) 200 0.02 98.69
144 (18, 8, 5) 193 0.02 98.71
145 (8, 2, 1) 189 0.02 98.73
146 (13, 2, 24) 186 0.02 98.74
147 (2, 2, 2) 184 0.02 98.76
148 (13, 1, 20) 181 0.02 98.78
149 (3, 1, 5) 181 0.02 98.80
150 (13, 1, 16) 180 0.02 98.82
151 (13, 1, 9) 179 0.02 98.83
152 (13, 1, 7) 178 0.02 98.85
153 (3, 2, 3) 177 0.02 98.87
154 (18, 5, 4) 176 0.02 98.89
155 (12, 3, 13) 176 0.02 98.90
156 (13, 2, 25) 169 0.02 98.92
157 (13, 1, 29) 167 0.02 98.94
158 (3, 3, 2) 167 0.02 98.96
159 (5, 2, 2) 164 0.02 98.97
160 (4, 1, 6) 164 0.02 98.99
161 (3, 3, 1) 163 0.02 99.00
162 (13, 1, 5) 161 0.02 99.02
163 (1, 3, 99) 160 0.02 99.04
164 (8, 6, 1) 153 0.02 99.05
165 (9, 5, 2) 152 0.02 99.07
166 (50, 1, 5) 149 0.01 99.08
167 (13, 1, 26) 148 0.01 99.10
168 (18, 2, 2) 140 0.01 99.11
169 (13, 1, 6) 138 0.01 99.12
170 (18, 9, 5) 137 0.01 99.14
171 (4, 1, 12) 136 0.01 99.15
172 (13, 1, 2) 135 0.01 99.17
173 (13, 2, 99) 131 0.01 99.18
174 (6, 99, 99) 130 0.01 99.19
175 (18, 2, 6) 129 0.01 99.20
176 (2, 5, 2) 129 0.01 99.22
177 (9, 2, 1) 128 0.01 99.23
178 (3, 4, 4) 125 0.01 99.24
179 (13, 1, 36) 124 0.01 99.25
180 (4, 5, 8) 121 0.01 99.27
181 (5, 3, 1) 120 0.01 99.28
182 (9, 5, 1) 119 0.01 99.29
183 (18, 2, 7) 119 0.01 99.30
184 (15, 1, 4) 118 0.01 99.31
185 (15, 2, 2) 118 0.01 99.33
186 (18, 2, 1) 118 0.01 99.34
187 (5, 4, 3) 114 0.01 99.35
188 (6, 2, 2) 111 0.01 99.36
189 (13, 1, 30) 109 0.01 99.37
190 (11, 2, 1) 108 0.01 99.38
191 (12, 3, 99) 106 0.01 99.39
192 (2, 9, 5) 105 0.01 99.40
193 (5, 1, 4) 105 0.01 99.41
194 (13, 1, 22) 105 0.01 99.42
195 (15, 1, 3) 102 0.01 99.43
196 (18, 18, 1) 102 0.01 99.44
197 (3, 5, 3) 100 0.01 99.45
198 (3, 2, 2) 99 0.01 99.46
199 (3, 4, 5) 97 0.01 99.47
200 (3, 3, 99) 96 0.01 99.48
201 (18, 16, 1) 95 0.01 99.49
202 (13, 1, 27) 94 0.01 99.50
203 (12, 3, 4) 93 0.01 99.51
204 (15, 4, 2) 92 0.01 99.52
205 (3, 5, 1) 92 0.01 99.53
206 (13, 1, 1) 91 0.01 99.54
207 (18, 2, 5) 91 0.01 99.55
208 (18, 5, 3) 89 0.01 99.56
209 (18, 4, 4) 87 0.01 99.57
210 (6, 3, 2) 86 0.01 99.58
211 (3, 5, 4) 84 0.01 99.58
212 (18, 8, 6) 81 0.01 99.59
213 (18, 5, 2) 79 0.01 99.60
214 (4, 5, 3) 79 0.01 99.61
215 (16, 1, 5) 78 0.01 99.62
216 (3, 1, 4) 77 0.01 99.62
217 (6, 4, 1) 74 0.01 99.63
218 (18, 6, 3) 70 0.01 99.64
219 (4, 3, 99) 68 0.01 99.64
220 (15, 3, 1) 68 0.01 99.65
221 (10, 2, 1) 63 0.01 99.66
222 (18, 3, 3) 61 0.01 99.66
223 (5, 3, 4) 61 0.01 99.67
224 (2, 99, 99) 61 0.01 99.68
225 (3, 3, 3) 60 0.01 99.68
226 (15, 6, 2) 58 0.01 99.69
227 (18, 8, 7) 58 0.01 99.69
228 (8, 7, 1) 57 0.01 99.70
229 (13, 1, 13) 56 0.01 99.70
230 (18, 10, 1) 55 0.01 99.71
231 (4, 1, 2) 53 0.01 99.72
232 (9, 99, 99) 51 0.01 99.72
233 (13, 2, 19) 51 0.01 99.73
234 (4, 4, 5) 51 0.01 99.73
235 (10, 1, 3) 48 0.00 99.74
236 (18, 18, 99) 47 0.00 99.74
237 (50, 1, 7) 47 0.00 99.74
238 (3, 5, 2) 47 0.00 99.75
239 (5, 2, 1) 46 0.00 99.75
240 (3, 4, 2) 46 0.00 99.76
241 (8, 2, 2) 46 0.00 99.76
242 (4, 4, 4) 46 0.00 99.77
243 (7, 2, 1) 45 0.00 99.77
244 (4, 2, 1) 45 0.00 99.78
245 (18, 10, 2) 45 0.00 99.78
246 (8, 5, 2) 45 0.00 99.79
247 (16, 1, 6) 43 0.00 99.79
248 (13, 2, 16) 42 0.00 99.79
249 (4, 1, 5) 42 0.00 99.80
250 (6, 1, 3) 41 0.00 99.80
251 (4, 5, 5) 41 0.00 99.81
252 (18, 3, 2) 40 0.00 99.81
253 (18, 3, 4) 40 0.00 99.81
254 (15, 6, 99) 39 0.00 99.82
255 (1, 2, 99) 39 0.00 99.82
256 (4, 1, 11) 38 0.00 99.83
257 (8, 4, 2) 38 0.00 99.83
258 (13, 1, 10) 38 0.00 99.83
259 (15, 1, 5) 37 0.00 99.84
260 (3, 4, 3) 37 0.00 99.84
261 (13, 2, 29) 37 0.00 99.84
262 (13, 3, 1) 37 0.00 99.85
263 (13, 1, 8) 36 0.00 99.85
264 (18, 15, 99) 35 0.00 99.86
265 (4, 4, 3) 35 0.00 99.86
266 (15, 4, 99) 34 0.00 99.86
267 (4, 1, 99) 32 0.00 99.87
268 (13, 2, 26) 32 0.00 99.87
269 (18, 2, 3) 32 0.00 99.87
270 (14, 1, 3) 32 0.00 99.88
271 (18, 9, 1) 32 0.00 99.88
272 (15, 2, 99) 31 0.00 99.88
273 (18, 4, 3) 31 0.00 99.88
274 (6, 4, 99) 31 0.00 99.89
275 (6, 2, 1) 30 0.00 99.89
276 (6, 1, 99) 29 0.00 99.89
277 (7, 1, 5) 29 0.00 99.90
278 (2, 4, 99) 28 0.00 99.90
279 (3, 2, 99) 28 0.00 99.90
280 (5, 99, 99) 27 0.00 99.91
281 (13, 2, 27) 26 0.00 99.91
282 (4, 1, 8) 26 0.00 99.91
283 (13, 1, 21) 25 0.00 99.91
284 (8, 99, 99) 25 0.00 99.92
285 (13, 2, 5) 24 0.00 99.92
286 (18, 6, 2) 23 0.00 99.92
287 (8, 1, 1) 23 0.00 99.92
288 (13, 1, 17) 22 0.00 99.92
289 (16, 1, 4) 22 0.00 99.93
290 (3, 5, 99) 21 0.00 99.93
291 (9, 1, 3) 21 0.00 99.93
292 (10, 3, 4) 21 0.00 99.93
293 (10, 1, 2) 20 0.00 99.93
294 (10, 1, 99) 19 0.00 99.94
295 (18, 2, 4) 19 0.00 99.94
296 (13, 2, 32) 18 0.00 99.94
297 (9, 3, 1) 18 0.00 99.94
298 (12, 5, 1) 17 0.00 99.94
299 (5, 4, 4) 17 0.00 99.95
300 (3, 1, 99) 17 0.00 99.95
301 (5, 2, 3) 17 0.00 99.95
302 (13, 2, 10) 17 0.00 99.95
303 (9, 2, 2) 17 0.00 99.95
304 (15, 6, 1) 17 0.00 99.95
305 (13, 2, 22) 16 0.00 99.96
306 (18, 9, 3) 15 0.00 99.96
307 (9, 4, 2) 15 0.00 99.96
308 (4, 4, 2) 14 0.00 99.96
309 (15, 7, 1) 14 0.00 99.96
310 (4, 1, 4) 14 0.00 99.96
311 (16, 1, 8) 14 0.00 99.96
312 (18, 2, 8) 13 0.00 99.97
313 (13, 1, 15) 13 0.00 99.97
314 (4, 2, 3) 12 0.00 99.97
315 (18, 9, 2) 12 0.00 99.97
316 (18, 6, 99) 12 0.00 99.97
317 (6, 2, 99) 12 0.00 99.97
318 (9, 1, 99) 12 0.00 99.97
319 (16, 99, 99) 11 0.00 99.97
320 (12, 5, 4) 10 0.00 99.98
321 (8, 3, 1) 10 0.00 99.98
322 (13, 2, 14) 10 0.00 99.98
323 (8, 7, 2) 9 0.00 99.98
324 (18, 8, 99) 9 0.00 99.98
325 (18, 4, 2) 9 0.00 99.98
326 (13, 1, 19) 8 0.00 99.98
327 (12, 2, 99) 8 0.00 99.98
328 (13, 2, 6) 8 0.00 99.98
329 (5, 1, 3) 7 0.00 99.98
330 (18, 8, 1) 7 0.00 99.98
331 (2, 7, 99) 7 0.00 99.98
332 (4, 3, 2) 7 0.00 99.98
333 (13, 99, 99) 6 0.00 99.99
334 (13, 2, 18) 6 0.00 99.99
335 (12, 5, 3) 6 0.00 99.99
336 (8, 2, 99) 6 0.00 99.99
337 (15, 3, 99) 6 0.00 99.99
338 (13, 1, 23) 6 0.00 99.99
339 (9, 4, 1) 6 0.00 99.99
340 (2, 1, 99) 5 0.00 99.99
341 (6, 3, 99) 5 0.00 99.99
342 (5, 2, 5) 5 0.00 99.99
343 (4, 4, 99) 5 0.00 99.99
344 (12, 3, 10) 4 0.00 99.99
345 (14, 99, 99) 4 0.00 99.99
346 (2, 6, 99) 4 0.00 99.99
347 (5, 3, 2) 4 0.00 99.99
348 (3, 2, 4) 4 0.00 99.99
349 (2, 5, 99) 4 0.00 99.99
350 (2, 3, 99) 4 0.00 99.99
351 (18, 6, 4) 4 0.00 99.99
352 (8, 4, 99) 3 0.00 99.99
353 (5, 3, 5) 3 0.00 100.00
354 (10, 3, 5) 3 0.00 100.00
355 (18, 7, 99) 3 0.00 100.00
356 (8, 2, 3) 3 0.00 100.00
357 (8, 1, 2) 3 0.00 100.00
358 (3, 4, 99) 3 0.00 100.00
359 (3, 99, 99) 3 0.00 100.00
360 (18, 10, 99) 3 0.00 100.00
361 (10, 1, 1) 3 0.00 100.00
362 (13, 2, 7) 2 0.00 100.00
363 (7, 1, 99) 2 0.00 100.00
364 (12, 5, 2) 2 0.00 100.00
365 (1, 5, 1) 2 0.00 100.00
366 (5, 2, 4) 2 0.00 100.00
367 (18, 4, 99) 2 0.00 100.00
368 (18, 8, 3) 2 0.00 100.00
369 (18, 2, 99) 2 0.00 100.00
370 (9, 1, 4) 2 0.00 100.00
371 (16, 1, 3) 1 0.00 100.00
372 (4, 99, 99) 1 0.00 100.00
373 (18, 9, 99) 1 0.00 100.00
374 (8, 6, 99) 1 0.00 100.00
375 (15, 8, 1) 1 0.00 100.00
376 (6, 4, 3) 1 0.00 100.00
377 (9, 5, 99) 1 0.00 100.00
378 (13, 3, 2) 1 0.00 100.00